000011 713.00 144.00 9.00 42.49
000011 715.00 47.00 9.00 42.49
000011 755.00 46.00 9.00 42.49
000011 631.00 36.00 3.00 127.48
000011 738.00 61.00 10.00 38.24
000011 702.00 135.00 10.00 38.24
000011 754.00 170.00 14.00 27.32
000011 787.00 95.00 18.00 21.25
000011 864.00 209.00 24.00 15.94
000011 711.00 58.00 9.00 42.49
000011 630.00 34.00 3.00 127.48
000011 633.00 165.00 4.00 95.61
000011 767.00 43.00 11.00 34.77
000011 742.00 49.00 10.00 38.24
000011 728.00 42.00 10.00 38.24
000011 764.00 56.00 10.00 38.24
000011 709.00 71.00 9.00 42.49
000011 753.00 35.00 10.00 38.24
000011 659.00 148.00 4.00 95.61
000011 760.00 45.00 10.00 38.24
000011 182.00 182.00 8.00 47.81
000011 633.00 148.00 2.00 191.22
000011 731.00 52.00 10.00 38.24
000011 656.00 142.00 5.00 76.49
000011 719.00 66.00 9.00 42.49
000011 644.00 48.00 4.00 95.61
000011 722.00 54.00 9.00 42.49
000011 720.00 142.00 9.00 42.49
000011 633.00 158.00 4.00 95.61
000011 679.00 88.00 7.00 54.63
000011 645.00 157.00 4.00 95.61
000011 740.00 63.00 12.00 31.87
000011 633.00 39.00 3.00 127.48
000011 627.00 154.00 3.00 127.48
000011 731.00 128.00 10.00 38.24
000011 711.00 70.00 9.00 42.49
000011 627.00 151.00 3.00 127.48
000011 717.00 47.00 7.00 49.03
000011 738.00 50.00 10.00 38.24
000011 728.00 53.00 10.00 38.24
000011 725.00 102.00 9.00 42.49
000011 836.00 192.00 22.00 17.07
000011 625.00 131.00 2.00 191.22
000011 725.00 53.00 9.00 42.49
000011 728.00 101.00 10.00 36.77
000011 630.00 39.00 3.00 127.48
000011 726.00 64.00 10.00 38.24
000011 639.00 54.00 3.00 127.48
000011 181.00 182.00 7.00 53.12
000011 633.00 147.00 3.00 106.23
000011 650.00 147.00 6.00 63.74
000011 633.00 164.00 4.00 79.68
000011 738.00 61.00 9.00 39.84
000011 864.00 208.00 24.00 15.94
000011 715.00 46.00 9.00 39.84
000011 637.00 153.00 5.00 75.88
000011 721.00 141.00 9.00 39.84
000011 650.00 144.00 6.00 63.74
000011 643.00 48.00 3.00 106.24
000011 697.00 144.00 10.00 37.06
000011 638.00 69.00 2.00 159.35
000011 626.00 151.00 2.00 159.35
000011 741.00 49.00 9.00 39.84
000011 711.00 57.00 9.00 39.84
000011 720.00 66.00 9.00 39.84
000011 739.00 128.00 12.00 31.87
000011 658.00 148.00 3.00 106.23
000011 726.00 102.00 10.00 38.24
000011 633.00 157.00 4.00 83.14
000011 766.00 43.00 10.00 35.41
000011 727.00 92.00 9.00 39.84
000011 766.00 156.00 10.00 35.41
000011 786.00 94.00 16.00 22.76
000011 764.00 56.00 10.00 36.77
000011 724.00 64.00 8.00 43.46
000011 741.00 130.00 10.00 35.41
000011 636.00 133.00 2.00 159.35
000011 790.00 98.00 16.00 22.76
000011 738.00 50.00 9.00 39.84
000011 626.00 130.00 3.00 106.24
000011 727.00 42.00 8.00 45.53
000011 728.00 100.00 10.00 35.41
000011 718.00 45.00 9.00 39.84
000011 730.00 127.00 9.00 39.84
000011 679.00 88.00 8.00 46.64
000011 794.00 216.00 16.00 22.76
000011 710.00 70.00 8.00 45.53
000011 636.00 154.00 4.00 88.53
000011 764.00 56.00 9.00 38.87
000011 738.00 128.00 10.00 37.94
000011 711.00 57.00 9.00 40.86
000011 633.00 164.00 4.00 88.53
000011 626.00 151.00 2.00 132.79
000011 864.00 210.00 23.00 16.60
000011 155.00 184.00 5.00 66.40
000011 738.00 60.00 11.00 33.20
000011 643.00 48.00 4.00 88.53
000011 741.00 48.00 10.00 37.94
000011 770.00 164.00 14.00 26.56
000011 737.00 48.00 8.00 43.07
000011 626.00 131.00 2.00 132.79
000011 766.00 156.00 11.00 33.20
000011 649.00 144.00 5.00 75.88
000011 727.00 92.00 9.00 39.84
000011 649.00 155.00 4.00 78.11
000011 720.00 66.00 10.00 37.94
000011 721.00 142.00 10.00 37.94
000011 655.00 142.00 3.00 106.24
000011 633.00 146.00 4.00 88.53
000011 650.00 148.00 4.00 93.74
000011 754.00 139.00 10.00 37.94
000011 679.00 89.00 7.00 49.80
000011 786.00 95.00 17.00 22.13
000011 633.00 136.00 2.00 132.79
000011 172.00 187.00 5.00 73.77
000011 696.00 144.00 10.00 37.94
000011 636.00 132.00 4.00 94.85
000011 639.00 70.00 2.00 132.79
000011 633.00 141.00 2.00 132.79
000011 714.00 47.00 8.00 44.26
000011 790.00 97.00 16.00 23.09
000011 682.00 84.00 7.00 53.12
000011 659.00 149.00 4.00 88.53
000011 812.00 55.00 19.00 20.12
000011 737.00 129.00 10.00 36.89
000011 630.00 146.00 2.00 158.09
000011 174.00 186.00 5.00 71.86
000011 710.00 55.00 8.00 44.26
000011 158.00 183.00 8.00 44.26
000011 777.00 177.00 17.00 22.13
000011 862.00 209.00 22.00 17.02
000011 632.00 164.00 3.00 110.66
000011 720.00 143.00 8.00 44.26
000011 701.00 139.00 8.00 44.26
000011 627.00 150.00 3.00 110.66
000011 634.00 134.00 3.00 110.66
000011 765.00 95.00 10.00 36.89
000011 713.00 136.00 10.00 36.89
000011 648.00 153.00 3.00 110.66
000011 696.00 131.00 6.00 55.33
000011 179.00 181.00 9.00 39.52
000011 765.00 157.00 13.00 27.67
000011 635.00 153.00 3.00 102.15
000011 784.00 95.00 15.00 24.59
000011 793.00 98.00 16.00 22.51
000011 679.00 88.00 5.00 73.77
000011 800.00 100.00 17.00 22.13
000011 639.00 69.00 2.00 132.79
000011 680.00 84.00 6.00 55.33
000011 625.00 131.00 3.00 110.66
000011 769.00 91.00 14.00 26.99
000011 721.00 143.00 8.00 46.11
000011 634.00 134.00 4.00 92.22
000011 740.00 134.00 10.00 36.89
000011 174.00 186.00 4.00 76.85
000011 785.00 95.00 16.00 22.58
000011 862.00 209.00 20.00 18.44
000011 711.00 145.00 9.00 39.52
000011 752.00 157.00 11.00 33.53
000011 626.00 151.00 2.00 184.43
000011 649.00 153.00 4.00 83.84
000011 178.00 182.00 8.00 46.11
000011 159.00 182.00 8.00 46.11
000011 632.00 163.00 3.00 110.66
000011 632.00 143.00 4.00 92.22
000011 738.00 128.00 10.00 36.89
000011 696.00 130.00 7.00 52.70
000011 821.00 199.00 22.00 16.77
000011 854.00 228.00 22.00 16.77
000011 725.00 99.00 8.00 46.11
000011 792.00 97.00 17.00 21.28
000011 800.00 99.00 16.00 23.05
000011 634.00 126.00 2.00 184.43
000011 626.00 130.00 4.00 92.22
000011 627.00 149.00 2.00 153.70
000011 739.00 129.00 11.00 34.15
000011 753.00 139.00 12.00 30.74
000011 634.00 134.00 2.00 153.70
000011 751.00 156.00 9.00 38.42
000011 176.00 181.00 7.00 51.23
000011 649.00 154.00 4.00 76.85
000011 634.00 161.00 3.00 100.60
000011 632.00 144.00 4.00 76.85
000011 865.00 209.00 24.00 15.37
000011 726.00 97.00 9.00 38.42
000011 741.00 134.00 11.00 32.93
000011 159.00 181.00 7.00 48.54
000011 701.00 136.00 9.00 38.42
000011 855.00 228.00 24.00 15.63
000011 801.00 99.00 17.00 21.96
000011 699.00 144.00 8.00 43.91
000011 627.00 131.00 2.00 153.70
000011 791.00 97.00 14.00 25.62
000011 634.00 124.00 2.00 153.70
000011 768.00 92.00 13.00 27.80
000011 808.00 199.00 17.00 21.96
000011 725.00 95.00 8.00 42.69
000011 176.00 182.00 8.00 42.69
000011 737.00 128.00 8.00 42.69
000011 701.00 137.00 9.00 38.42
000011 630.00 143.00 2.00 128.08
000011 752.00 158.00 10.00 34.93
000011 910.00 241.00 29.00 12.81
000011 853.00 226.00 22.00 16.71
000011 770.00 152.00 11.00 32.02
000011 743.00 134.00 11.00 32.02
000011 633.00 134.00 2.00 128.08
000011 725.00 146.00 8.00 42.69
000011 865.00 209.00 23.00 16.01
000011 752.00 140.00 10.00 34.93
000011 627.00 131.00 2.00 128.08
000011 98.00 188.00 16.00 23.29
000011 633.00 122.00 2.00 128.08
000011 719.00 134.00 8.00 42.69
000011 647.00 149.00 3.00 109.78
000011 821.00 197.00 19.00 19.21
000011 803.00 98.00 19.00 19.70
000011 809.00 197.00 17.00 21.35
000011 627.00 150.00 2.00 153.69
000011 734.00 128.00 10.00 35.58
000011 910.00 240.00 29.00 13.07
000011 773.00 154.00 15.00 24.63
000011 627.00 128.00 3.00 106.73
000011 748.00 139.00 10.00 35.58
000011 820.00 197.00 21.00 17.79
000011 727.00 146.00 10.00 35.58
000011 863.00 211.00 21.00 17.79
000011 698.00 128.00 8.00 42.69
000011 831.00 189.00 21.00 17.79
000012 1059.00 36.00 26.00 14.78
000012 992.00 137.00 21.00 18.30
000012 833.00 135.00 11.00 34.94
000012 754.00 135.00 1.00 384.37
000012 987.00 190.00 20.00 18.30
000012 843.00 74.00 10.00 38.44
000012 720.00 78.00 1.00 384.37
000012 1072.00 224.00 29.00 13.25
000012 852.00 78.00 10.00 38.44
000012 855.00 78.00 10.00 38.44
000012 931.00 168.00 16.00 24.02
000012 1198.00 136.00 35.00 10.98
000012 835.00 132.00 10.00 38.44
000012 842.00 72.00 9.00 42.71
000012 724.00 72.00 1.00 384.37
000012 1172.00 191.00 37.00 10.39
000012 748.00 106.00 1.00 240.24
000012 865.00 58.00 11.00 34.94
000012 751.00 107.00 1.00 384.37
000012 793.00 103.00 6.00 64.06
000012 829.00 37.00 8.00 48.05
000012 795.00 91.00 5.00 76.87
000012 896.00 165.00 13.00 29.57
000012 894.00 170.00 13.00 29.57
000012 894.00 165.00 13.00 29.57
000012 870.00 186.00 13.00 29.57
000012 895.00 182.00 14.00 27.46
000012 825.00 95.00 8.00 48.05
000012 847.00 83.00 10.00 38.44
000012 885.00 146.00 14.00 27.46
000012 986.00 195.00 21.00 18.13
000012 977.00 146.00 19.00 20.23
000012 846.00 164.00 9.00 40.04
000012 703.00 69.00 2.00 192.19
000012 892.00 115.00 16.00 24.02
000012 1114.00 123.00 28.00 13.73
000012 1060.00 223.00 28.00 13.73
000012 1115.00 121.00 29.00 13.25
000012 930.00 163.00 16.00 24.02
000012 855.00 74.00 10.00 38.44
000012 996.00 60.00 21.00 18.30
000012 989.00 162.00 20.00 19.22
000012 791.00 101.00 4.00 96.09
000012 888.00 128.00 16.00 24.02
000012 1176.00 197.00 37.00 10.33
000012 1110.00 128.00 29.00 13.25
000012 864.00 69.00 11.00 34.94
000012 1071.00 227.00 29.00 13.25
000012 676.00 59.00 1.00 384.37
000012 985.00 140.00 20.00 19.22
000012 745.00 105.00 2.00 174.72
000012 785.00 130.00 2.00 192.19
000012 1166.00 198.00 36.00 10.44
000012 1172.00 195.00 37.00 10.39
000012 940.00 187.00 15.00 25.62
000012 798.00 40.00 5.00 76.87
000012 1060.00 39.00 26.00 14.78
000012 1099.00 113.00 27.00 14.03
000012 898.00 165.00 15.00 25.62
000012 786.00 152.00 7.00 54.91
000012 894.00 181.00 12.00 32.03
000012 860.00 73.00 10.00 35.59
000012 1070.00 225.00 28.00 13.35
000012 854.00 75.00 9.00 40.04
000012 793.00 103.00 4.00 94.21
000012 1114.00 120.00 30.00 12.81
000012 894.00 170.00 12.00 30.22
000012 978.00 145.00 20.00 18.84
000012 747.00 104.00 1.00 320.31
000012 864.00 170.00 11.00 34.94
000012 1176.00 195.00 38.00 10.01
000012 1060.00 223.00 28.00 13.35
000012 996.00 61.00 20.00 18.84
000012 1171.00 194.00 36.00 10.62
000012 986.00 194.00 21.00 17.80
000012 751.00 106.00 2.00 160.16
000012 867.00 169.00 14.00 26.33
000012 720.00 78.00 2.00 160.16
000012 790.00 92.00 6.00 64.06
000012 854.00 78.00 9.00 40.04
000012 933.00 168.00 18.00 21.35
000012 931.00 168.00 15.00 24.64
000012 835.00 132.00 10.00 35.59
000012 794.00 90.00 3.00 106.77
000012 793.00 139.00 3.00 120.12
000012 790.00 139.00 4.00 80.08
000012 1171.00 190.00 37.00 10.33
000012 652.00 46.00 12.00 30.22
000012 865.00 57.00 16.00 22.88
000012 944.00 160.00 20.00 18.84
000012 991.00 136.00 9.00 40.04
000012 846.00 80.00 19.00 20.02
000012 985.00 189.00 16.00 22.88
000012 934.00 162.00 34.00 11.11
000012 1197.00 135.00 9.00 42.71
000012 846.00 164.00 20.00 18.84
000012 988.00 162.00 12.00 31.00
000012 866.00 163.00 8.00 45.76
000012 843.00 82.00 10.00 35.59
000012 832.00 134.00 13.00 29.57
000012 894.00 164.00 14.00 26.69
000012 864.00 72.00 9.00 40.04
000012 842.00 72.00 1.00 320.31
000012 723.00 72.00 3.00 114.40
000012 703.00 69.00 27.00 13.93
000012 1099.00 112.00 2.00 160.16
000012 696.00 72.00 10.00 35.59
000012 838.00 76.00 15.00 24.64
000012 945.00 207.00 28.00 13.35
000012 1070.00 220.00 15.00 24.64
000012 888.00 128.00 28.00 13.35
000012 1110.00 128.00 8.00 45.76
000012 829.00 92.00 26.00 14.56
000012 1020.00 93.00 8.00 46.87
000012 829.00 37.00 4.00 80.08
000012 784.00 145.00 13.00 29.12
000012 884.00 145.00 28.00 13.63
000012 1057.00 70.00 3.00 101.15
000012 790.00 100.00 22.00 17.30
000012 1002.00 86.00 30.00 12.47
000012 1159.00 132.00 14.00 26.33
000012 891.00 120.00 37.00 10.33
000012 1166.00 198.00 1.00 320.31
000012 668.00 38.00 33.00 11.44
000012 1122.00 225.00 14.00 26.33
000012 873.00 124.00 13.00 29.12
000012 896.00 129.00 1.00 320.31
000012 674.00 54.00 3.00 128.12
000012 792.00 127.00 33.00 11.44
000012 1123.00 235.00 32.00 11.78
000012 1161.00 134.00 1.00 320.31
000012 673.00 50.00 13.00 27.61
000012 918.00 162.00 28.00 13.57
000012 1105.00 125.00 21.00 17.80
000012 990.00 135.00 37.00 10.27
000012 1169.00 190.00 19.00 19.92
000012 983.00 190.00 16.00 23.90
000012 938.00 190.00 20.00 18.54
000012 652.00 47.00 4.00 88.98
000012 984.00 192.00 5.00 66.73
000012 793.00 90.00 27.00 14.05
000012 790.00 92.00 17.00 22.56
000012 1059.00 223.00 17.00 22.24
000012 653.00 51.00 15.00 24.27
000012 951.00 187.00 10.00 38.13
000012 944.00 159.00 18.00 21.32
000012 930.00 161.00 1.00 266.92
000012 853.00 76.00 13.00 28.60
000012 934.00 161.00 14.00 26.69
000012 718.00 74.00 36.00 10.59
000012 894.00 162.00 11.00 34.82
000012 907.00 162.00 10.00 38.13
000012 1175.00 195.00 0.00 1334.79
000012 865.00 164.00 14.00 26.69
000012 722.00 72.00 28.00 13.35
000012 862.00 70.00 11.00 33.37
000012 681.00 69.00 10.00 35.59
000012 895.00 169.00 12.00 30.80
000012 1069.00 224.00 4.00 88.97
000012 864.00 57.00 30.00 12.47
000012 864.00 169.00 1.00 266.92
000012 917.00 159.00 21.00 17.80
000012 784.00 144.00 12.00 29.66
000012 1159.00 132.00 -4.00 -95.33
000012 675.00 64.00 27.00 14.17
000012 989.00 194.00 2.00 133.46
000012 888.00 128.00 19.00 20.22
000012 676.00 70.00 15.00 25.02
000012 1055.00 70.00 28.00 13.35
000012 695.00 72.00 2.00 133.46
000012 976.00 145.00 9.00 40.04
000012 891.00 119.00 12.00 29.66
000012 1108.00 128.00 4.00 88.98
000012 745.00 103.00 19.00 19.77
000012 842.00 72.00 11.00 33.37
000012 895.00 129.00 10.00 38.13
000012 793.00 105.00 29.00 12.92
000012 995.00 61.00 1.00 266.92
000012 894.00 181.00 19.00 19.34
000012 845.00 82.00 9.00 39.25
000012 1114.00 120.00 19.00 20.22
000012 750.00 106.00 14.00 26.69
000012 989.00 162.00 25.00 14.99
000012 892.00 171.00 37.00 10.27
000012 924.00 168.00 20.00 19.07
000012 907.00 169.00 11.00 33.37
000012 1016.00 90.00 25.00 14.83
000012 1166.00 197.00 34.00 11.12
000012 984.00 139.00 34.00 11.12
000012 830.00 135.00 36.00 10.68
000012 1019.00 93.00 28.00 13.35
000012 1120.00 226.00 27.00 14.17
000012 1124.00 223.00 21.00 17.80
000012 1185.00 211.00 4.00 88.97
000012 1068.00 220.00 2.00 133.46
000012 1098.00 112.00 21.00 17.79
000012 989.00 203.00 11.00 33.37
000012 787.00 96.00 4.00 88.97
000012 702.00 69.00 12.00 31.78
000012 1000.00 86.00 2.00 133.46
000012 835.00 131.00 1.00 228.79
000012 786.00 138.00 34.00 11.12
000012 872.00 123.00 12.00 29.66
000012 741.00 100.00 33.00 11.61
000012 727.00 82.00 29.00 13.08
000012 787.00 129.00 12.00 31.78
000012 1118.00 230.00 16.00 23.83
000012 884.00 144.00 15.00 24.72
000012 1121.00 234.00 17.00 22.24
000012 1105.00 124.00 12.00 30.33
000012 895.00 171.00 13.00 27.80
000012 891.00 127.00 17.00 21.88
000012 898.00 171.00 31.00 12.13
000012 945.00 158.00 20.00 18.54
000012 888.00 127.00 1.00 222.44
000012 902.00 126.00 27.00 13.90
000012 934.00 160.00 12.00 31.78
000012 1114.00 120.00 13.00 27.80
000012 990.00 193.00 13.00 27.80
000012 751.00 110.00 16.00 22.62
000012 1060.00 222.00 1.00 222.43
000012 864.00 58.00 19.00 20.22
000012 895.00 162.00 5.00 66.73
000012 908.00 162.00 20.00 18.54
000012 931.00 160.00 27.00 13.90
000012 718.00 74.00 23.00 16.60
000012 990.00 136.00 32.00 11.71
000012 794.00 89.00 14.00 26.69
000012 995.00 62.00 20.00 18.54
000012 1100.00 114.00 16.00 23.83
000012 983.00 196.00 32.00 11.71
000012 1123.00 235.00 1.00 222.44
000012 889.00 115.00 33.00 11.31
000012 984.00 190.00 27.00 13.90
000012 891.00 119.00 37.00 10.20
000012 1161.00 133.00 5.00 74.15
000012 682.00 69.00 38.00 10.11
000012 1128.00 236.00 1.00 222.44
000012 1069.00 224.00 10.00 37.07
000012 1169.00 190.00 34.00 11.12
000012 791.00 93.00 20.00 18.54
000012 1176.00 196.00 5.00 74.15
000012 724.00 72.00 20.00 18.54
000012 853.00 77.00 19.00 20.22
000012 1124.00 222.00 21.00 17.65
000012 1000.00 84.00 14.00 25.67
000012 791.00 138.00 1.00 222.43
000012 986.00 158.00 20.00 18.54
000012 976.00 145.00 13.00 27.80
000012 990.00 162.00 9.00 39.25
000012 919.00 160.00 6.00 63.55
000012 696.00 70.00 36.00 10.59
000012 986.00 139.00 12.00 31.78
000012 908.00 171.00 38.00 10.11
000012 862.00 72.00 1.00 222.44
000012 787.00 138.00 12.00 31.78
000012 1181.00 216.00 36.00 10.59
000012 879.00 131.00 2.00 133.46
000012 1168.00 196.00 22.00 17.11
000012 727.00 81.00 1.00 222.43
000012 895.00 181.00 20.00 18.54
000012 1187.00 210.00 15.00 24.72
000012 751.00 107.00 3.00 111.22
000012 990.00 202.00 22.00 17.11
000012 746.00 103.00 17.00 21.81
000012 981.00 114.00 14.00 26.48
000012 933.00 150.00 29.00 13.24
000012 703.00 69.00 33.00 11.59
000012 1016.00 91.00 14.00 26.48
000012 945.00 157.00 16.00 23.17
000012 895.00 172.00 15.00 24.72
000012 1103.00 124.00 37.00 10.18
000012 1119.00 228.00 13.00 28.52
000012 902.00 126.00 29.00 13.24
000012 933.00 159.00 26.00 14.26
000012 891.00 114.00 14.00 26.48
000012 1167.00 190.00 35.00 10.90
000012 889.00 128.00 11.00 32.71
000012 723.00 72.00 2.00 185.36
000012 1101.00 114.00 29.00 13.24
000012 1061.00 223.00 20.00 18.54
000012 717.00 74.00 29.00 13.24
000012 895.00 161.00 20.00 18.54
000012 1123.00 234.00 35.00 10.90
000012 879.00 132.00 4.00 85.55
000012 754.00 134.00 3.00 101.11
000012 1069.00 223.00 22.00 17.16
000012 989.00 134.00 20.00 18.54
000012 1111.00 120.00 29.00 13.24
000012 1001.00 85.00 12.00 30.89
000012 1173.00 199.00 20.00 18.54
000012 794.00 87.00 4.00 92.68
000012 790.00 93.00 33.00 11.59
000012 982.00 192.00 2.00 185.36
000012 987.00 141.00 20.00 18.54
000012 1067.00 219.00 37.00 10.18
000012 872.00 122.00 16.00 23.17
000012 989.00 163.00 2.00 185.36
000012 792.00 136.00 16.00 23.17
000012 1173.00 207.00 8.00 46.34
000012 694.00 70.00 18.00 20.60
000012 980.00 114.00 33.00 11.47
000012 1167.00 196.00 12.00 30.89
000012 920.00 159.00 12.00 30.89
000012 750.00 107.00 20.00 18.54
000012 933.00 151.00 19.00 19.72
000012 852.00 78.00 16.00 23.17
000012 974.00 145.00 33.00 11.59
000012 1123.00 221.00 12.00 30.89
000012 895.00 180.00 2.00 185.36
000012 862.00 72.00 19.00 19.31
000012 993.00 64.00 19.00 19.31
000012 984.00 157.00 14.00 25.75
000012 920.00 172.00 14.00 25.75
000012 1128.00 238.00 15.00 24.39
000012 872.00 109.00 19.00 19.31
000012 792.00 124.00 13.00 28.09
000012 985.00 141.00 22.00 17.16
000012 985.00 154.00 4.00 77.23
000012 918.00 159.00 14.00 26.48
000012 945.00 156.00 4.00 77.24
000012 940.00 176.00 28.00 13.63
000012 1000.00 82.00 32.00 11.88
000012 878.00 134.00 13.00 28.96
000012 982.00 191.00 4.00 77.24
000012 793.00 87.00 16.00 23.17
000012 895.00 174.00 14.00 25.75
000012 729.00 89.00 32.00 11.88
000012 1102.00 124.00 19.00 19.31
000012 1159.00 134.00 4.00 77.24
000012 888.00 129.00 20.00 18.84
000012 791.00 94.00 27.00 14.04
000012 920.00 171.00 19.00 19.31
000012 903.00 126.00 27.00 14.04
000012 1119.00 228.00 2.00 154.47
000012 987.00 134.00 12.00 30.89
000012 798.00 94.00 19.00 19.31
000012 987.00 184.00 27.00 13.83
000012 1069.00 223.00 9.00 40.01
000012 748.00 106.00 3.00 115.85
000012 995.00 184.00 13.00 28.61
000012 1062.00 223.00 32.00 11.88
000012 751.00 111.00 19.00 19.31
000012 873.00 109.00 29.00 12.87
000012 980.00 114.00 16.00 23.17
000012 1099.00 114.00 16.00 23.17
000012 806.00 141.00 12.00 30.89
000012 791.00 136.00 22.00 17.16
000012 888.00 116.00 9.00 40.65
000012 1127.00 238.00 17.00 21.45
000012 987.00 196.00 3.00 96.54
000012 1112.00 119.00 1.00 257.44
000012 933.00 159.00 9.00 38.62
000012 933.00 151.00 5.00 64.36
000012 753.00 131.00 20.00 18.39
000012 895.00 159.00 35.00 10.73
000012 990.00 164.00 20.00 18.39
000012 878.00 114.00 17.00 21.45
000012 970.00 143.00 26.00 14.30
000012 800.00 128.00 20.00 18.39
000012 755.00 131.00 22.00 16.94
000012 806.00 143.00 11.00 32.18
000012 791.00 95.00 11.00 32.18
000012 988.00 197.00 14.00 25.75
000012 1122.00 229.00 17.00 21.45
000012 988.00 185.00 20.00 18.39
000012 946.00 155.00 26.00 14.30
000012 1063.00 223.00 20.00 18.39
000012 985.00 155.00 20.00 18.39
000012 979.00 191.00 17.00 21.45
000012 749.00 113.00 11.00 33.58
000012 874.00 107.00 19.00 20.11
000012 895.00 176.00 11.00 32.18
000012 889.00 116.00 14.00 25.75
000012 979.00 116.00 11.00 32.18
000012 988.00 134.00 20.00 18.84
000012 1101.00 116.00 14.00 25.75
000012 994.00 185.00 8.00 42.91
000012 997.00 191.00 14.00 25.75
000012 973.00 155.00 21.00 17.88
000012 874.00 134.00 3.00 107.27
000012 925.00 188.00 21.00 17.88
000012 889.00 131.00 28.00 13.41
000012 904.00 128.00 17.00 21.45
000012 895.00 158.00 21.00 17.88
000012 988.00 167.00 10.00 35.76
000012 910.00 146.00 10.00 35.76
000012 862.00 119.00 19.00 19.50
000012 892.00 191.00 21.00 17.88
000012 988.00 182.00 17.00 21.45
000012 799.00 125.00 17.00 21.45
000012 978.00 154.00 3.00 107.27
000012 1103.00 114.00 21.00 17.88
000012 985.00 154.00 14.00 26.82
000012 988.00 132.00 28.00 13.41
000012 863.00 118.00 7.00 53.64
000012 895.00 179.00 17.00 21.45
000012 996.00 189.00 32.00 11.92
000012 981.00 118.00 17.00 21.45
000012 949.00 171.00 21.00 17.88
000012 942.00 171.00 17.00 21.45
000012 756.00 139.00 3.00 107.27
000012 756.00 128.00 14.00 26.82
000012 988.00 197.00 32.00 11.92
000012 906.00 128.00 11.00 33.87
000012 1067.00 225.00 14.00 26.82
000012 809.00 132.00 14.00 26.82
000012 949.00 154.00 14.00 26.82
000012 1121.00 229.00 21.00 18.30
000012 931.00 154.00 32.00 11.92
000012 996.00 182.00 28.00 13.41
000013 805.00 253.00 38.00 9.97
000013 673.00 251.00 45.00 8.42
000013 367.00 234.00 44.00 8.61
000013 681.00 209.00 45.00 8.24
000013 365.00 225.00 45.00 8.42
000013 375.00 251.00 44.00 8.61
000013 703.00 222.00 44.00 8.57
000013 832.00 225.00 38.00 9.97
000013 828.00 232.00 37.00 10.24
000013 738.00 292.00 44.00 8.61
000013 737.00 287.00 44.00 8.61
000013 715.00 286.00 45.00 8.34
000013 713.00 284.00 43.00 8.81
000013 326.00 109.00 42.00 9.02
000013 736.00 220.00 44.00 8.61
000013 650.00 166.00 44.00 8.61
000013 736.00 281.00 44.00 8.61
000013 319.00 110.00 45.00 8.42
000013 378.00 243.00 44.00 8.53
000013 301.00 232.00 38.00 9.97
000013 850.00 242.00 39.00 9.71
000013 823.00 266.00 39.00 9.61
000013 821.00 264.00 37.00 10.13
000013 420.00 258.00 39.00 9.71
000013 812.00 256.00 37.00 10.24
000013 674.00 255.00 45.00 8.42
000013 737.00 206.00 44.00 8.61
000013 316.00 110.00 42.00 8.85
000013 820.00 262.00 37.00 10.18
000013 672.00 250.00 44.00 8.53
000013 741.00 284.00 43.00 8.77
000013 325.00 109.00 42.00 9.02
000013 736.00 219.00 44.00 8.53
000013 829.00 231.00 38.00 9.92
000013 370.00 232.00 43.00 8.77
000013 835.00 232.00 38.00 9.86
000013 843.00 268.00 38.00 9.81
000013 673.00 254.00 44.00 8.53
000013 650.00 165.00 44.00 8.53
000013 807.00 254.00 39.00 9.57
000013 736.00 291.00 43.00 8.77
000013 368.00 230.00 44.00 8.53
000013 805.00 252.00 37.00 10.18
000013 739.00 222.00 43.00 8.67
000013 378.00 242.00 43.00 8.62
000013 811.00 223.00 37.00 10.18
000013 812.00 255.00 38.00 9.86
000013 715.00 285.00 43.00 8.77
000013 736.00 286.00 43.00 8.65
000013 712.00 283.00 42.00 8.85
000013 366.00 234.00 43.00 8.77
000013 708.00 236.00 44.00 8.58
000013 670.00 158.00 43.00 8.77
000013 806.00 234.00 37.00 10.18
000013 826.00 237.00 37.00 10.02
000013 831.00 225.00 38.00 9.86
000013 674.00 201.00 45.00 8.40
000013 849.00 242.00 39.00 9.57
000013 822.00 266.00 38.00 9.80
000013 676.00 168.00 44.00 8.53
000013 648.00 204.00 44.00 8.43
000013 811.00 225.00 37.00 10.18
000013 813.00 262.00 37.00 10.12
000013 836.00 238.00 38.00 9.86
000013 849.00 243.00 39.00 9.67
000013 714.00 286.00 43.00 8.77
000013 829.00 230.00 37.00 10.12
000013 672.00 250.00 44.00 8.49
000013 741.00 285.00 43.00 8.77
000013 673.00 201.00 44.00 8.49
000013 804.00 252.00 37.00 10.12
000013 848.00 228.00 38.00 9.74
000013 832.00 227.00 38.00 9.74
000013 708.00 236.00 44.00 8.49
000013 735.00 178.00 43.00 8.77
000013 810.00 224.00 37.00 10.12
000013 370.00 233.00 43.00 8.77
000013 835.00 231.00 38.00 9.74
000013 738.00 223.00 43.00 8.77
000013 735.00 290.00 43.00 8.77
000013 812.00 256.00 37.00 10.12
000013 672.00 169.00 43.00 8.77
000013 737.00 218.00 43.00 8.77
000013 843.00 267.00 40.00 9.39
000013 855.00 263.00 40.00 9.39
000013 741.00 213.00 42.00 8.85
000013 367.00 266.00 43.00 8.77
000013 648.00 280.00 41.00 9.07
000013 676.00 293.00 44.00 8.54
000013 820.00 266.00 37.00 10.12
000013 682.00 168.00 45.00 8.35
000013 853.00 262.00 39.00 9.53
000013 725.00 281.00 43.00 8.77
000013 850.00 243.00 39.00 9.53
000013 741.00 212.00 42.00 8.91
000013 368.00 233.00 44.00 8.60
000013 364.00 228.00 44.00 8.43
000013 734.00 290.00 43.00 8.63
000013 812.00 257.00 38.00 9.96
000013 820.00 260.00 38.00 9.96
000013 819.00 264.00 38.00 9.96
000013 831.00 228.00 38.00 9.96
000013 848.00 229.00 39.00 9.53
000013 810.00 226.00 38.00 9.96
000013 806.00 252.00 39.00 9.53
000013 670.00 158.00 42.00 8.84
000013 646.00 205.00 43.00 8.77
000013 374.00 238.00 41.00 9.13
000013 739.00 274.00 42.00 8.84
000013 679.00 165.00 43.00 8.77
000013 682.00 209.00 45.00 8.24
000013 440.00 219.00 39.00 9.53
000013 736.00 177.00 43.00 8.77
000013 317.00 103.00 41.00 9.13
000013 741.00 283.00 43.00 8.77
000013 736.00 283.00 41.00 9.04
000013 673.00 200.00 44.00 8.43
000013 649.00 279.00 43.00 8.77
000013 672.00 169.00 43.00 8.77
000013 699.00 212.00 42.00 8.91
000013 706.00 236.00 43.00 8.77
000013 808.00 269.00 38.00 9.96
000013 432.00 216.00 39.00 9.53
000013 368.00 267.00 44.00 8.60
000013 711.00 286.00 43.00 8.77
000013 373.00 269.00 43.00 8.77
000013 677.00 293.00 44.00 8.43
000013 825.00 240.00 38.00 9.96
000013 858.00 266.00 39.00 9.53
000013 738.00 215.00 43.00 8.70
000013 671.00 167.00 43.00 8.70
000013 850.00 244.00 39.00 9.61
000013 806.00 250.00 39.00 9.61
000013 808.00 226.00 36.00 10.44
000013 678.00 292.00 45.00 8.30
000013 734.00 290.00 43.00 8.70
000013 711.00 286.00 43.00 8.70
000013 736.00 284.00 41.00 9.04
000013 398.00 267.00 43.00 8.63
000013 682.00 209.00 45.00 8.30
000013 827.00 240.00 39.00 9.61
000013 742.00 282.00 43.00 8.70
000013 831.00 228.00 38.00 9.87
000013 725.00 279.00 43.00 8.70
000013 646.00 277.00 41.00 9.13
000013 740.00 273.00 43.00 8.70
000013 850.00 271.00 39.00 9.61
000013 848.00 230.00 39.00 9.61
000013 367.00 232.00 43.00 8.70
000013 810.00 259.00 36.00 10.34
000013 821.00 259.00 37.00 10.15
000013 852.00 261.00 39.00 9.61
000013 644.00 203.00 43.00 8.70
000013 816.00 263.00 37.00 10.15
000013 839.00 265.00 37.00 10.15
000013 858.00 265.00 39.00 9.61
000013 671.00 161.00 44.00 8.50
000013 680.00 165.00 43.00 8.70
000013 738.00 223.00 43.00 8.70
000013 659.00 291.00 44.00 8.46
000013 741.00 213.00 42.00 8.87
000013 644.00 204.00 42.00 8.95
000013 709.00 286.00 42.00 8.95
000013 646.00 278.00 42.00 8.95
000013 811.00 258.00 37.00 10.15
000013 823.00 258.00 39.00 9.51
000013 363.00 228.00 43.00 8.62
000013 674.00 209.00 44.00 8.46
000013 686.00 201.00 42.00 8.95
000013 736.00 286.00 42.00 8.95
000013 744.00 283.00 44.00 8.46
000013 816.00 263.00 37.00 10.15
000013 671.00 164.00 41.00 9.06
000013 848.00 268.00 39.00 9.51
000013 808.00 226.00 37.00 10.15
000013 818.00 253.00 39.00 9.63
000013 470.00 251.00 39.00 9.51
000013 731.00 273.00 44.00 8.46
000013 671.00 169.00 44.00 8.46
000013 741.00 273.00 44.00 8.46
000013 301.00 226.00 41.00 9.17
000013 736.00 179.00 42.00 8.95
000013 858.00 266.00 39.00 9.51
000013 848.00 231.00 39.00 9.51
000013 831.00 228.00 37.00 10.15
000013 734.00 291.00 44.00 8.46
000013 375.00 241.00 42.00 8.95
000013 851.00 273.00 39.00 9.51
000013 296.00 218.00 38.00 9.88
000013 726.00 281.00 44.00 8.46
000013 383.00 251.00 42.00 8.95
000013 373.00 276.00 42.00 8.95
000013 818.00 253.00 38.00 9.76
000013 671.00 164.00 41.00 9.06
000013 851.00 247.00 35.00 10.57
000013 725.00 274.00 44.00 8.46
000013 806.00 250.00 38.00 9.76
000013 824.00 250.00 38.00 9.76
000013 821.00 265.00 38.00 9.76
000013 848.00 265.00 38.00 9.76
000013 644.00 206.00 44.00 8.46
000013 301.00 238.00 40.00 9.47
000013 680.00 212.00 44.00 8.46
000013 698.00 212.00 44.00 8.46
000013 686.00 200.00 41.00 9.06
000013 438.00 206.00 44.00 8.46
000013 830.00 229.00 38.00 9.76
000013 853.00 259.00 38.00 9.76
000013 809.00 226.00 38.00 9.76
000013 298.00 223.00 37.00 10.15
000013 376.00 241.00 41.00 9.06
000013 839.00 262.00 38.00 9.76
000013 477.00 250.00 44.00 8.46
000013 373.00 253.00 41.00 9.06
000013 382.00 250.00 41.00 9.06
000013 683.00 179.00 44.00 8.46
000013 738.00 189.00 42.00 8.81
000013 680.00 211.00 39.00 9.61
000013 641.00 204.00 41.00 9.19
000013 673.00 164.00 42.00 8.81
000013 856.00 250.00 39.00 9.61
000013 297.00 222.00 39.00 9.49
000013 831.00 243.00 39.00 9.61
000013 809.00 225.00 39.00 9.61
000013 372.00 250.00 42.00 8.81
000013 376.00 243.00 42.00 8.81
000013 727.00 186.00 42.00 8.81
000013 652.00 211.00 42.00 8.81
000013 831.00 229.00 39.00 9.61
000013 437.00 214.00 42.00 8.81
000013 476.00 247.00 42.00 8.81
000013 698.00 211.00 42.00 8.81
000014 410.00 119.00 18.00 21.04
000014 274.00 193.00 22.00 17.22
000014 291.00 165.00 22.00 17.06
000014 57.00 104.00 18.00 21.04
000014 392.00 220.00 20.00 18.94
000014 364.00 53.00 21.00 18.04
000014 382.00 82.00 19.00 19.94
000014 48.00 113.00 17.00 22.28
000014 318.00 185.00 23.00 16.47
000014 482.00 109.00 18.00 21.04
000014 394.00 134.00 19.00 19.33
000014 400.00 51.00 20.00 18.21
000014 539.00 171.00 12.00 31.57
000014 251.00 157.00 22.00 17.22
000014 328.00 32.00 23.00 16.47
000014 281.00 168.00 22.00 17.22
000014 472.00 109.00 18.00 21.04
000014 492.00 37.00 13.00 28.70
000014 338.00 109.00 21.00 18.04
000014 554.00 157.00 8.00 47.35
000014 380.00 80.00 19.00 19.94
000014 492.00 209.00 16.00 22.55
000014 223.00 144.00 23.00 15.92
000014 391.00 223.00 20.00 18.94
000014 510.00 207.00 13.00 28.70
000014 312.00 140.00 22.00 17.22
000014 279.00 187.00 22.00 17.22
000014 250.00 159.00 21.00 18.04
000014 310.00 58.00 23.00 16.47
000014 535.00 131.00 11.00 34.44
000014 462.00 174.00 14.00 27.06
000014 325.00 126.00 22.00 17.22
000014 282.00 191.00 22.00 17.22
000014 497.00 203.00 16.00 23.67
000014 246.00 133.00 23.00 16.47
000014 344.00 165.00 21.00 18.04
000014 223.00 153.00 22.00 17.22
000014 274.00 55.00 23.00 16.47
000014 539.00 187.00 12.00 31.57
000014 494.00 197.00 15.00 24.92
000014 527.00 135.00 10.00 37.88
000014 504.00 207.00 14.00 26.30
000014 530.00 199.00 10.00 37.88
000014 554.00 161.00 6.00 55.70
000014 66.00 133.00 17.00 22.28
000014 356.00 138.00 22.00 17.22
000014 366.00 183.00 20.00 18.94
000014 550.00 153.00 7.00 54.11
000014 380.00 36.00 21.00 18.04
000014 349.00 129.00 21.00 18.04
000014 305.00 70.00 22.00 16.64
000014 343.00 108.00 20.00 18.75
000014 529.00 188.00 11.00 34.44
000014 375.00 116.00 21.00 18.04
000014 543.00 161.00 8.00 47.35
000014 317.00 66.00 21.00 18.04
000014 336.00 190.00 22.00 17.22
000014 62.00 101.00 18.00 21.04
000014 541.00 182.00 12.00 31.57
000014 372.00 144.00 21.00 18.04
000014 532.00 189.00 11.00 33.82
000014 368.00 53.00 22.00 16.91
000014 532.00 135.00 10.00 37.88
000014 310.00 139.00 22.00 17.22
000014 314.00 116.00 22.00 17.22
000014 498.00 213.00 16.00 23.67
000014 245.00 138.00 22.00 17.22
000014 282.00 189.00 22.00 17.22
000014 545.00 192.00 11.00 34.44
000014 534.00 192.00 10.00 37.88
000014 332.00 112.00 22.00 17.22
000014 369.00 124.00 20.00 18.94
000014 531.00 126.00 7.00 48.56
000014 308.00 55.00 23.00 16.47
000014 527.00 185.00 11.00 34.44
000014 289.00 121.00 23.00 16.47
000014 71.00 121.00 18.00 21.04
000014 270.00 166.00 22.00 17.22
000014 289.00 144.00 23.00 16.47
000014 494.00 39.00 14.00 27.06
000014 375.00 49.00 21.00 18.04
000014 324.00 182.00 23.00 16.47
000014 508.00 64.00 14.00 27.06
000014 533.00 169.00 7.00 49.27
000014 547.00 107.00 7.00 54.11
000014 332.00 184.00 22.00 17.22
000014 536.00 183.00 12.00 31.57
000014 490.00 202.00 15.00 24.28
000014 249.00 158.00 21.00 17.54
000014 498.00 202.00 16.00 22.55
000014 554.00 160.00 7.00 52.61
000014 525.00 133.00 10.00 35.73
000014 554.00 157.00 8.00 43.84
000014 310.00 139.00 20.00 18.57
000014 472.00 109.00 18.00 21.04
000014 542.00 157.00 7.00 52.61
000014 528.00 184.00 12.00 31.57
000014 304.00 70.00 21.00 17.69
000014 470.00 108.00 16.00 23.10
000014 510.00 206.00 13.00 28.70
000014 502.00 206.00 13.00 28.70
000014 534.00 132.00 12.00 31.57
000014 528.00 126.00 10.00 35.07
000014 482.00 109.00 18.00 21.04
000014 343.00 165.00 20.00 18.57
000014 549.00 152.00 6.00 56.37
000014 219.00 124.00 22.00 16.61
000014 540.00 195.00 12.00 31.57
000014 534.00 192.00 9.00 39.46
000014 400.00 54.00 21.00 17.38
000014 524.00 130.00 10.00 36.42
000014 279.00 187.00 20.00 18.57
000014 381.00 82.00 18.00 21.04
000014 529.00 188.00 10.00 35.07
000014 531.00 188.00 10.00 35.07
000014 291.00 164.00 22.00 16.61
000014 280.00 189.00 21.00 17.54
000014 337.00 189.00 21.00 17.54
000014 460.00 172.00 12.00 29.59
000014 399.00 51.00 20.00 18.57
000014 494.00 196.00 15.00 24.28
000014 548.00 164.00 6.00 54.42
000014 498.00 208.00 15.00 24.28
000014 542.00 160.00 7.00 52.61
000014 308.00 67.00 22.00 16.61
000014 324.00 181.00 22.00 16.61
000014 274.00 192.00 22.00 16.61
000014 62.00 100.00 18.00 21.04
000014 538.00 171.00 12.00 31.57
000014 325.00 126.00 22.00 16.61
000014 440.00 44.00 21.00 17.73
000014 67.00 133.00 18.00 20.77
000014 498.00 212.00 15.00 24.28
000014 316.00 69.00 22.00 16.61
000014 369.00 123.00 20.00 18.57
000014 309.00 57.00 24.00 15.78
000014 390.00 222.00 19.00 19.73
000014 318.00 184.00 22.00 16.61
000014 280.00 168.00 21.00 17.54
000014 357.00 163.00 20.00 18.35
000014 252.00 129.00 21.00 17.54
000014 349.00 128.00 20.00 18.57
000014 409.00 118.00 18.00 21.04
000014 48.00 112.00 17.00 22.28
000014 530.00 198.00 10.00 35.07
000014 367.00 52.00 21.00 17.54
000014 343.00 108.00 20.00 18.57
000014 316.00 66.00 20.00 18.57
000014 391.00 219.00 19.00 19.73
000014 346.00 126.00 19.00 19.13
000014 286.00 170.00 22.00 16.61
000014 333.00 109.00 21.00 17.54
000014 355.00 136.00 21.00 17.54
000014 303.00 62.00 22.00 16.61
000014 288.00 177.00 22.00 16.61
000014 381.00 116.00 20.00 18.57
000014 337.00 108.00 20.00 18.75
000014 289.00 144.00 23.00 16.33
000014 270.00 106.00 22.00 16.61
000014 516.00 190.00 11.00 31.57
000014 534.00 191.00 10.00 37.58
000014 305.00 70.00 23.00 16.44
000014 252.00 129.00 22.00 17.08
000014 250.00 158.00 23.00 16.44
000014 275.00 191.00 23.00 16.44
000014 381.00 82.00 18.00 20.23
000014 548.00 164.00 7.00 52.61
000014 542.00 156.00 7.00 52.61
000014 528.00 126.00 10.00 37.58
000014 280.00 190.00 21.00 17.54
000014 552.00 156.00 7.00 52.61
000014 528.00 188.00 10.00 37.58
000014 531.00 126.00 8.00 43.84
000014 286.00 169.00 23.00 16.44
000014 74.00 128.00 18.00 20.23
000014 540.00 195.00 12.00 31.57
000014 493.00 197.00 15.00 24.82
000014 472.00 109.00 17.00 21.92
000014 479.00 93.00 18.00 20.88
000014 550.00 152.00 7.00 52.61
000014 528.00 133.00 11.00 33.58
000014 544.00 162.00 8.00 43.84
000014 498.00 203.00 15.00 23.91
000014 344.00 165.00 20.00 18.79
000014 468.00 102.00 17.00 21.92
000014 525.00 131.00 10.00 37.58
000014 485.00 99.00 18.00 20.23
000014 336.00 188.00 21.00 17.54
000014 535.00 184.00 12.00 29.23
000014 552.00 161.00 7.00 52.61
000014 498.00 211.00 15.00 23.91
000014 280.00 168.00 21.00 17.54
000014 324.00 126.00 21.00 17.54
000014 67.00 133.00 18.00 20.23
000014 538.00 171.00 11.00 32.88
000014 280.00 172.00 23.00 16.44
000014 312.00 178.00 23.00 16.44
000014 293.00 178.00 23.00 16.44
000014 311.00 139.00 21.00 17.54
000014 302.00 60.00 21.00 17.54
000014 354.00 136.00 20.00 18.79
000014 296.00 123.00 23.00 16.44
000014 352.00 174.00 20.00 18.79
000014 116.00 109.00 18.00 20.88
000014 324.00 181.00 23.00 16.44
000014 342.00 108.00 20.00 18.79
000014 502.00 205.00 15.00 24.82
000014 511.00 207.00 14.00 26.30
000014 61.00 100.00 17.00 21.62
000014 348.00 128.00 20.00 18.79
000014 390.00 221.00 18.00 20.23
000014 316.00 184.00 21.00 17.54
000014 367.00 53.00 21.00 17.54
000014 285.00 167.00 25.00 14.61
000014 74.00 127.00 19.00 19.93
000014 547.00 181.00 8.00 43.84
000014 533.00 184.00 10.00 36.53
000014 222.00 153.00 22.00 16.86
000014 399.00 53.00 20.00 18.27
000014 216.00 153.00 22.00 16.86
000014 528.00 190.00 10.00 36.53
000014 357.00 164.00 19.00 19.93
000014 279.00 190.00 22.00 16.86
000014 336.00 188.00 22.00 16.86
000014 343.00 165.00 20.00 18.27
000014 535.00 188.00 10.00 36.53
000014 520.00 191.00 12.00 31.32
000014 243.00 136.00 22.00 16.86
000014 62.00 100.00 17.00 21.27
000014 542.00 160.00 6.00 54.80
000014 485.00 98.00 19.00 19.93
000014 468.00 98.00 17.00 21.92
000014 499.00 202.00 12.00 31.32
000014 312.00 177.00 22.00 16.86
000014 293.00 177.00 22.00 16.86
000014 468.00 101.00 17.00 21.56
000014 523.00 174.00 10.00 36.53
000014 530.00 126.00 10.00 36.53
000014 402.00 226.00 19.00 19.93
000014 309.00 122.00 22.00 16.86
000014 470.00 107.00 17.00 21.21
000014 480.00 108.00 17.00 21.92
000014 542.00 157.00 6.00 54.80
000014 539.00 195.00 12.00 31.32
000014 549.00 162.00 6.00 54.80
000014 478.00 93.00 17.00 21.92
000014 390.00 221.00 19.00 19.93
000014 461.00 209.00 19.00 19.23
000014 473.00 93.00 17.00 21.92
000014 501.00 205.00 13.00 27.40
000014 248.00 158.00 22.00 16.86
000014 279.00 169.00 22.00 16.86
000014 549.00 153.00 6.00 54.80
000014 552.00 158.00 6.00 54.80
000014 274.00 191.00 22.00 16.86
000014 532.00 131.00 10.00 36.53
000014 293.00 164.00 24.00 15.66
000014 525.00 131.00 10.00 36.53
000014 354.00 136.00 20.00 18.27
000014 309.00 138.00 20.00 18.27
000014 381.00 131.00 20.00 18.27
000014 229.00 160.00 22.00 16.86
000014 323.00 179.00 22.00 16.86
000014 524.00 174.00 10.00 36.53
000014 284.00 167.00 22.00 16.61
000014 493.00 196.00 15.00 24.04
000014 342.00 167.00 20.00 18.27
000014 342.00 163.00 20.00 18.27
000014 250.00 130.00 22.00 16.61
000014 277.00 188.00 20.00 18.27
000014 524.00 178.00 10.00 36.53
000014 279.00 167.00 22.00 16.61
000014 534.00 188.00 10.00 36.53
000014 308.00 122.00 22.00 16.61
000014 543.00 159.00 8.00 45.67
000014 530.00 130.00 10.00 36.53
000014 358.00 163.00 20.00 18.27
000014 116.00 109.00 18.00 20.30
000014 468.00 103.00 16.00 22.83
000014 402.00 226.00 18.00 20.30
000014 520.00 190.00 10.00 36.53
000014 528.00 190.00 10.00 36.53
000014 483.00 105.00 16.00 22.83
000014 539.00 194.00 13.00 27.40
000014 526.00 130.00 10.00 36.53
000014 499.00 205.00 14.00 26.10
000014 549.00 153.00 7.00 53.73
000014 452.00 215.00 20.00 18.90
000014 402.00 221.00 18.00 20.30
000014 389.00 221.00 18.00 20.30
000014 292.00 163.00 22.00 16.61
000014 404.00 128.00 20.00 18.27
000014 360.00 126.00 20.00 18.27
000014 381.00 80.00 18.00 20.30
000014 244.00 136.00 22.00 16.61
000014 230.00 159.00 22.00 16.61
000014 403.00 226.00 19.00 19.03
000014 472.00 94.00 17.00 21.75
000014 231.00 159.00 24.00 15.75
000014 549.00 154.00 7.00 50.74
000014 470.00 106.00 17.00 21.75
000014 482.00 106.00 17.00 21.75
000014 278.00 189.00 22.00 16.91
000014 534.00 189.00 9.00 40.06
000014 221.00 144.00 24.00 15.48
000014 400.00 221.00 17.00 22.28
000014 405.00 129.00 22.00 16.91
000014 527.00 129.00 7.00 47.57
000014 532.00 129.00 12.00 31.50
000014 534.00 171.00 12.00 30.45
000014 520.00 189.00 9.00 38.06
000014 470.00 99.00 19.00 19.03
000014 482.00 99.00 17.00 21.75
000014 308.00 121.00 22.00 16.91
000014 283.00 166.00 22.00 16.91
000014 525.00 176.00 9.00 38.06
000014 358.00 164.00 22.00 16.91
000014 291.00 164.00 22.00 16.91
000014 278.00 169.00 22.00 16.91
000014 273.00 174.00 22.00 16.55
000014 293.00 176.00 22.00 16.91
000014 94.00 92.00 17.00 21.75
000014 470.00 209.00 17.00 21.75
000014 474.00 95.00 17.00 21.14
000014 537.00 197.00 12.00 30.45
000014 525.00 176.00 11.00 31.71
000014 528.00 128.00 8.00 42.29
000014 471.00 101.00 17.00 21.14
000014 480.00 101.00 17.00 21.14
000014 528.00 170.00 8.00 42.29
000014 400.00 223.00 17.00 21.14
000014 534.00 173.00 11.00 31.71
000014 534.00 188.00 8.00 42.29
000014 346.00 173.00 23.00 15.86
000014 444.00 217.00 16.00 22.39
000014 247.00 158.00 25.00 14.75
000014 274.00 191.00 20.00 18.12
000014 519.00 188.00 8.00 42.29
000014 214.00 161.00 23.00 15.86
000014 477.00 217.00 17.00 21.14
000014 244.00 134.00 23.00 16.19
000014 492.00 197.00 14.00 25.37
000014 530.00 171.00 10.00 35.24
000014 343.00 171.00 21.00 17.62
000014 555.00 186.00 10.00 35.24
000014 268.00 168.00 21.00 17.62
000014 519.00 186.00 10.00 35.24
000014 533.00 186.00 7.00 52.86
000014 286.00 175.00 21.00 17.62
000014 548.00 157.00 7.00 52.86
000014 412.00 121.00 17.00 21.14
000014 243.00 157.00 21.00 17.62
000014 397.00 222.00 17.00 21.14
000014 322.00 125.00 25.00 15.10
000014 494.00 204.00 14.00 26.43
000014 404.00 214.00 17.00 21.14
000014 530.00 128.00 10.00 35.24
000014 537.00 197.00 12.00 30.45
000014 290.00 164.00 21.00 17.62
000014 537.00 161.00 10.00 35.24
000014 397.00 132.00 21.00 17.62
000014 308.00 121.00 21.00 17.62
000015 787.00 46.00 8.00 48.05
000015 769.00 161.00 7.00 54.91
000015 902.00 51.00 24.00 16.02
000015 750.00 155.00 6.00 64.06
000015 668.00 187.00 5.00 76.87
000015 439.00 119.00 40.00 9.61
000015 633.00 183.00 6.00 58.24
000015 781.00 61.00 8.00 48.05
000015 635.00 188.00 8.00 48.05
000015 676.00 188.00 5.00 76.87
000015 792.00 49.00 8.00 48.05
000015 771.00 159.00 9.00 42.71
000015 934.00 33.00 30.00 12.81
000015 437.00 116.00 40.00 9.61
000015 693.00 59.00 6.00 64.06
000015 785.00 149.00 9.00 42.71
000015 983.00 89.00 39.00 9.86
000015 800.00 112.00 10.00 36.96
000015 688.00 112.00 4.00 96.09
000015 664.00 171.00 3.00 128.12
000015 658.00 166.00 3.00 128.12
000015 676.00 167.00 3.00 128.12
000015 783.00 152.00 8.00 48.05
000015 656.00 167.00 3.00 128.12
000015 775.00 111.00 10.00 38.44
000015 794.00 55.00 10.00 38.44
000015 650.00 135.00 3.00 120.12
000015 699.00 166.00 4.00 96.09
000015 656.00 173.00 3.00 128.12
000015 658.00 175.00 5.00 76.87
000015 782.00 57.00 5.00 65.82
000015 785.00 57.00 8.00 48.05
000015 764.00 39.00 5.00 76.87
000015 692.00 177.00 5.00 76.87
000015 696.00 177.00 5.00 76.87
000015 801.00 120.00 11.00 33.72
000015 855.00 132.00 14.00 27.46
000015 601.00 178.00 8.00 48.05
000015 789.00 44.00 8.00 48.05
000015 784.00 63.00 7.00 54.91
000015 445.00 120.00 38.00 10.06
000015 801.00 49.00 9.00 42.71
000015 808.00 47.00 11.00 34.94
000015 689.00 189.00 5.00 76.87
000015 603.00 149.00 9.00 39.54
000015 903.00 54.00 23.00 16.43
000015 659.00 95.00 2.00 192.19
000015 688.00 186.00 4.00 96.09
000015 661.00 183.00 3.00 128.12
000015 804.00 38.00 9.00 42.71
000015 777.00 148.00 8.00 48.05
000015 706.00 95.00 4.00 96.09
000015 645.00 135.00 4.00 91.52
000015 692.00 177.00 4.00 80.08
000015 800.00 111.00 10.00 35.59
000015 784.00 57.00 7.00 49.28
000015 439.00 118.00 40.00 9.56
000015 781.00 61.00 8.00 45.76
000015 800.00 120.00 10.00 35.59
000015 694.00 175.00 3.00 106.77
000015 854.00 130.00 14.00 26.69
000015 793.00 55.00 9.00 40.04
000015 663.00 171.00 2.00 147.83
000015 438.00 115.00 40.00 9.42
000015 750.00 154.00 6.00 64.06
000015 763.00 39.00 4.00 80.08
000015 656.00 166.00 3.00 113.05
000015 981.00 88.00 37.00 10.33
000015 782.00 56.00 8.00 45.76
000015 783.00 62.00 7.00 53.38
000015 469.00 122.00 34.00 11.05
000015 699.00 165.00 4.00 80.08
000015 633.00 187.00 8.00 44.49
000015 676.00 166.00 3.00 106.77
000015 775.00 110.00 10.00 37.68
000015 769.00 158.00 7.00 53.38
000015 984.00 103.00 37.00 10.14
000015 601.00 176.00 8.00 45.76
000015 784.00 148.00 9.00 40.04
000015 763.00 68.00 6.00 62.00
000015 782.00 151.00 8.00 45.76
000015 807.00 46.00 9.00 40.04
000015 788.00 44.00 7.00 51.94
000015 654.00 177.00 4.00 96.09
000015 787.00 46.00 8.00 45.76
000015 666.00 169.00 2.00 160.16
000015 693.00 58.00 6.00 58.24
000015 903.00 55.00 25.00 14.91
000015 646.00 130.00 2.00 160.15
000015 649.00 133.00 2.00 160.16
000015 687.00 111.00 3.00 106.77
000015 792.00 49.00 8.00 45.76
000015 798.00 141.00 10.00 38.44
000015 664.00 165.00 2.00 160.15
000015 644.00 128.00 3.00 106.77
000015 688.00 188.00 4.00 80.08
000015 711.00 99.00 4.00 80.08
000015 644.00 134.00 3.00 106.77
000015 602.00 148.00 9.00 42.15
000015 661.00 182.00 3.00 106.77
000015 776.00 147.00 7.00 51.94
000015 763.00 120.00 7.00 53.38
000015 687.00 184.00 3.00 106.77
000015 855.00 122.00 14.00 26.69
000015 781.00 151.00 8.00 44.49
000015 780.00 60.00 8.00 44.49
000015 699.00 165.00 4.00 88.97
000015 783.00 61.00 7.00 53.38
000015 691.00 177.00 4.00 88.97
000015 675.00 168.00 2.00 133.46
000015 633.00 187.00 8.00 47.67
000015 468.00 122.00 34.00 11.22
000015 800.00 48.00 10.00 38.13
000015 601.00 175.00 9.00 41.71
000015 437.00 115.00 40.00 9.48
000015 748.00 156.00 5.00 66.73
000015 797.00 142.00 9.00 39.38
000015 656.00 171.00 2.00 133.46
000015 645.00 156.00 2.00 133.47
000015 799.00 119.00 10.00 38.13
000015 768.00 158.00 7.00 53.38
000015 774.00 118.00 9.00 41.71
000015 659.00 95.00 1.00 266.92
000015 792.00 48.00 8.00 45.76
000015 446.00 120.00 36.00 10.43
000015 773.00 156.00 6.00 59.32
000015 660.00 172.00 4.00 88.97
000015 779.00 155.00 8.00 44.49
000015 799.00 110.00 10.00 38.13
000015 774.00 110.00 7.00 53.38
000015 819.00 146.00 14.00 27.14
000015 982.00 87.00 37.00 10.27
000015 807.00 44.00 10.00 38.13
000015 439.00 119.00 40.00 9.60
000015 793.00 56.00 8.00 44.49
000015 655.00 165.00 2.00 133.46
000015 695.00 175.00 4.00 88.97
000015 781.00 56.00 7.00 48.53
000015 761.00 120.00 7.00 53.39
000015 675.00 187.00 7.00 53.38
000015 815.00 142.00 10.00 38.13
000015 686.00 110.00 2.00 133.46
000015 800.00 119.00 10.00 37.07
000015 601.00 174.00 8.00 44.49
000015 800.00 112.00 10.00 37.07
000015 660.00 172.00 3.00 111.22
000015 903.00 55.00 24.00 15.92
000015 459.00 126.00 36.00 10.49
000015 855.00 122.00 13.00 27.80
000015 696.00 174.00 5.00 74.15
000015 763.00 70.00 6.00 55.61
000015 699.00 165.00 3.00 111.22
000015 438.00 115.00 41.00 9.27
000015 775.00 110.00 10.00 37.07
000015 691.00 179.00 5.00 74.15
000015 768.00 158.00 7.00 53.38
000015 703.00 158.00 6.00 60.66
000015 775.00 117.00 10.00 37.07
000015 634.00 186.00 8.00 44.49
000015 774.00 157.00 8.00 44.49
000015 646.00 157.00 3.00 111.22
000015 781.00 60.00 8.00 44.49
000015 784.00 60.00 8.00 46.02
000015 819.00 155.00 14.00 27.24
000015 749.00 155.00 6.00 55.61
000015 862.00 127.00 15.00 24.72
000015 675.00 169.00 3.00 111.22
000015 779.00 153.00 6.00 63.55
000015 762.00 120.00 6.00 55.61
000015 468.00 122.00 34.00 11.01
000015 782.00 152.00 9.00 40.44
000015 853.00 126.00 13.00 27.80
000015 660.00 96.00 1.00 222.43
000015 711.00 98.00 4.00 78.51
000015 441.00 107.00 38.00 9.97
000015 462.00 126.00 35.00 10.90
000015 690.00 180.00 4.00 92.68
000015 773.00 157.00 7.00 48.36
000015 675.00 170.00 4.00 92.68
000015 468.00 122.00 35.00 10.78
000015 682.00 184.00 2.00 185.36
000015 700.00 165.00 4.00 92.68
000015 798.00 118.00 10.00 37.07
000015 775.00 118.00 10.00 37.07
000015 796.00 143.00 8.00 46.34
000015 777.00 153.00 6.00 61.79
000015 819.00 155.00 13.00 27.80
000015 659.00 172.00 4.00 92.68
000015 439.00 116.00 39.00 9.76
000015 763.00 72.00 6.00 61.79
000015 649.00 159.00 6.00 61.79
000015 659.00 95.00 2.00 185.36
000015 798.00 111.00 10.00 37.07
000015 775.00 111.00 10.00 37.07
000015 748.00 155.00 5.00 69.51
000015 694.00 174.00 4.00 92.68
000015 659.00 167.00 4.00 92.68
000015 783.00 153.00 8.00 46.34
000015 632.00 186.00 8.00 46.34
000015 711.00 99.00 4.00 92.68
000015 607.00 147.00 11.00 33.70
000015 701.00 166.00 4.00 77.23
000015 982.00 84.00 37.00 10.30
000015 778.00 154.00 9.00 38.62
000015 472.00 106.00 33.00 11.36
000015 440.00 116.00 40.00 9.55
000015 806.00 159.00 14.00 27.26
000015 746.00 156.00 7.00 51.49
000015 798.00 116.00 10.00 36.78
000015 796.00 146.00 9.00 38.62
000015 689.00 179.00 2.00 154.47
000015 798.00 111.00 9.00 38.62
000015 701.00 159.00 4.00 77.23
000015 599.00 174.00 8.00 45.43
000015 771.00 161.00 6.00 61.79
000015 467.00 121.00 34.00 11.03
000015 783.00 154.00 8.00 46.34
000015 467.00 131.00 34.00 11.03
000015 644.00 156.00 2.00 154.47
000015 440.00 94.00 39.00 9.65
000015 659.00 171.00 4.00 77.24
000015 674.00 171.00 2.00 154.47
000015 447.00 124.00 38.00 9.90
000015 442.00 106.00 39.00 9.65
000015 711.00 99.00 4.00 77.24
000015 771.00 156.00 7.00 51.49
000015 632.00 186.00 7.00 48.78
000015 701.00 104.00 2.00 154.47
000015 607.00 146.00 9.00 38.62
000015 674.00 164.00 2.00 128.72
000015 659.00 95.00 2.00 128.72
000015 776.00 146.00 9.00 38.62
000015 794.00 146.00 8.00 42.91
000015 776.00 116.00 8.00 42.91
000015 818.00 146.00 14.00 26.63
000015 797.00 116.00 8.00 42.91
000015 600.00 176.00 8.00 42.91
000015 683.00 182.00 2.00 128.73
000015 985.00 101.00 38.00 9.90
000015 689.00 182.00 8.00 42.91
000015 674.00 173.00 2.00 128.72
000015 644.00 161.00 2.00 128.73
000015 656.00 170.00 2.00 128.73
000015 806.00 158.00 12.00 30.89
000015 755.00 158.00 8.00 42.91
000015 701.00 158.00 5.00 64.36
000015 746.00 155.00 8.00 42.91
000015 701.00 167.00 5.00 64.36
000015 764.00 161.00 8.00 42.91
000015 710.00 98.00 2.00 128.73
000015 671.00 149.00 2.00 128.73
000015 653.00 113.00 1.00 214.55
000015 795.00 114.00 7.00 53.64
000015 555.00 132.00 14.00 26.82
000015 806.00 157.00 12.00 30.89
000015 673.00 132.00 3.00 107.27
000015 684.00 182.00 3.00 107.27
000015 745.00 157.00 7.00 49.51
000015 777.00 114.00 7.00 53.64
000015 487.00 118.00 28.00 13.41
000015 465.00 121.00 32.00 11.92
000015 659.00 168.00 3.00 107.27
000015 702.00 164.00 3.00 107.27
000015 673.00 175.00 3.00 107.27
000015 795.00 146.00 10.00 35.76
